#include <iostream>
using namespace std;
int main() {
	setlocale(0, "");
	const int value = 15;
	const int value1 = 20;
	const int value2 = 30;
	int menu = 0;
	int arr[value][value] = { 
	{1,1,1,1,1,1,1,1,1,1,0,1,1,1,1},
	{1,1,0,0,0,0,0,0,0,0,0,0,0,0,1},
	{1,0,0,1,0,1,0,1,1,1,1,1,1,0,1},
	{1,0,1,1,0,1,0,0,0,0,0,1,0,0,1},
	{1,0,1,1,0,1,1,1,1,1,0,1,0,1,1},
	{1,0,0,1,0,0,0,0,1,1,0,1,0,0,1},
	{1,1,0,1,1,1,1,0,0,1,0,1,1,0,1},
	{1,1,0,1,1,1,1,1,0,1,0,0,1,0,1},
	{1,0,0,0,0,1,0,0,0,1,1,0,1,0,1},
	{1,1,1,1,0,1,1,1,0,1,0,0,1,0,1},
	{1,1,0,0,0,0,0,1,1,1,1,1,1,1,1},
	{1,0,0,1,0,1,0,0,0,0,0,0,0,0,1},
	{1,1,1,1,0,1,1,1,1,0,1,1,1,0,1},
	{1,0,0,0,0,0,1,1,0,0,0,1,0,0,1},
	{1,1,1,1,1,1,1,1,1,0,1,1,1,1,1}
	};
	int arr1[value1][value1] = { 
	{1,1,0,1,1,1,1,1,1,1,1,1,1,1,1,1,1,1,1,1},
	{1,0,0,0,0,0,0,0,0,0,0,0,0,0,0,1,1,1,1,1},
	{1,0,1,1,1,0,1,1,1,1,1,0,1,1,0,1,1,1,1,1},
	{1,0,0,0,1,0,0,0,0,1,0,0,0,1,0,0,0,0,0,1},
	{1,0,1,0,1,1,1,1,0,1,0,1,0,1,1,1,1,1,0,1},
	{1,0,1,1,1,0,0,0,0,1,0,1,0,0,0,0,1,0,0,1},
	{1,0,0,0,1,0,1,1,0,1,1,1,0,1,1,0,1,0,1,1},
	{1,0,1,0,1,1,1,0,0,1,0,0,0,1,0,0,1,1,1,1},
	{1,0,1,0,0,0,1,0,1,0,0,1,0,1,0,1,1,1,1,1},
	{1,0,1,0,1,1,1,0,1,1,1,1,0,1,0,0,0,0,0,1},
	{1,0,1,0,0,0,1,0,0,0,1,0,0,1,1,1,1,1,0,1},
	{1,0,1,1,1,0,1,0,1,1,1,0,1,1,1,1,0,0,0,1},
	{1,0,0,0,1,0,1,0,0,0,1,0,0,0,1,0,0,1,0,1},
	{1,0,1,0,1,1,1,0,1,0,1,0,1,0,1,0,1,0,0,1},
	{1,0,1,0,0,0,1,0,1,0,1,0,1,0,1,0,1,0,1,1},
	{1,0,1,1,1,0,1,0,1,1,1,1,1,1,1,0,1,0,0,1},
	{1,0,1,1,0,0,1,0,0,0,0,0,1,1,0,0,1,1,0,1},
	{1,0,0,1,0,1,1,1,0,0,1,1,1,0,0,1,1,0,0,1},
	{1,1,0,0,0,0,0,1,0,1,0,0,0,0,1,1,0,0,1,1},
	{1,1,1,1,1,1,1,1,0,1,1,1,1,1,1,1,1,1,1,1}};
	int arr2[value2][value2] = { 
	{1,1,1,1,1,1,0,1,1,1,1,1,1,1,1,1,1,1,1,1,1,1,1,1,1,1,1,1,1,1},
	{1,1,1,0,0,0,0,0,0,0,0,0,0,0,0,0,0,0,0,0,0,0,1,1,1,0,0,0,0,1},
	{1,1,0,0,0,0,1,1,1,1,1,1,1,1,1,1,0,1,1,1,1,0,0,0,0,0,1,1,0,1},
	{1,0,0,0,1,0,0,0,0,0,1,1,1,0,0,0,0,0,0,1,1,0,1,1,1,0,1,0,0,1},
	{1,0,1,0,1,0,1,1,1,0,1,0,0,0,1,1,0,1,0,1,0,0,0,1,1,0,0,0,1,1},
	{1,0,0,0,0,0,0,0,1,0,0,0,1,0,0,0,0,1,0,0,0,1,0,0,0,0,1,0,1,1},
	{1,1,1,0,1,1,1,0,1,1,1,0,1,1,1,0,1,1,1,0,1,1,1,1,0,1,1,0,0,1},
	{1,1,0,0,0,1,0,0,0,1,0,0,0,1,0,0,0,1,0,0,0,0,1,0,0,0,0,0,1,1},
	{1,0,0,1,0,0,0,1,0,0,0,1,0,0,0,1,0,0,0,1,1,0,0,0,1,1,1,1,1,1},
	{1,0,1,1,1,1,0,1,1,1,0,1,0,1,1,1,1,0,1,1,1,0,1,1,1,0,0,0,0,1},
	{1,0,0,0,0,1,0,0,0,1,0,0,0,1,1,1,0,0,0,0,0,0,0,0,0,0,1,1,0,1},
	{1,1,1,1,0,1,1,1,0,0,0,1,0,0,0,0,0,1,1,1,1,1,1,1,1,0,1,0,0,1},
	{1,0,1,1,1,1,1,1,1,1,0,0,0,1,1,1,0,0,0,0,1,1,1,1,1,0,0,0,1,1},
	{1,0,0,0,0,0,0,0,0,1,1,1,0,1,0,0,0,1,1,0,1,1,0,0,0,0,1,1,1,1},
	{1,0,1,0,1,1,0,1,0,0,1,1,0,1,0,1,0,0,1,0,0,0,1,0,1,0,1,1,1,1},
	{1,0,1,0,0,1,0,1,1,0,0,0,0,0,0,1,1,0,1,1,1,0,1,0,1,0,0,1,1,1},
	{1,0,1,1,0,1,0,0,1,1,1,0,1,1,0,1,0,0,1,1,1,0,0,0,1,0,1,1,1,1},
	{1,0,0,1,1,1,1,0,0,0,1,0,0,1,1,1,0,1,1,1,1,1,0,1,1,0,1,1,1,1},
	{1,1,0,0,0,0,0,0,1,0,0,0,0,0,0,1,1,1,1,1,1,1,0,0,0,0,1,0,1,1},
	{1,1,1,1,1,1,0,1,1,1,1,1,0,0,1,1,1,1,1,1,1,1,1,1,0,1,1,0,1,1},
	{1,1,1,1,1,1,0,0,0,1,1,1,1,0,0,0,0,0,0,0,0,1,1,1,1,1,0,0,1,1},
	{1,0,0,0,0,0,0,1,0,0,0,0,0,0,1,1,1,1,1,1,0,0,0,0,0,0,0,1,1,1},
	{1,1,0,0,1,1,1,1,1,1,1,0,1,0,0,0,0,1,0,0,0,1,1,0,1,1,0,0,1,1},
	{1,0,0,1,1,1,1,0,0,0,0,0,1,1,1,1,0,0,0,1,1,1,1,0,0,0,0,0,1,1},
	{1,0,1,1,0,0,0,0,1,1,1,0,0,0,0,0,0,1,0,0,0,0,0,0,1,1,1,1,1,1},
	{1,1,1,0,0,1,1,1,1,0,0,0,1,1,1,1,0,1,1,1,1,1,0,1,1,0,0,0,0,1},
	{1,0,0,0,1,1,0,0,0,1,0,1,1,1,1,1,1,1,1,1,1,1,1,1,0,0,1,1,0,1},
	{1,0,1,0,0,0,0,1,0,1,0,0,0,0,0,0,0,0,0,1,1,0,0,0,0,1,0,0,0,1},
	{1,0,1,1,1,1,1,1,0,1,1,0,1,1,1,1,1,1,0,0,0,0,1,1,1,1,0,1,0,1},
	{1,1,1,1,1,1,1,1,0,1,1,1,1,1,1,1,1,1,1,1,1,1,1,1,1,1,1,1,1,1}};
	cout << "Приветствуем вас в программе лабиринт!" << endl;
	cout << "Вы можете выбрать один из 3х вариантов лабиринта: \n1: Лабиринт с размером 15х15 " << endl;
	cout << "2: Лабиринт с размером 20х20" << endl;
	cout << "3: Лабиринт с размером 30х30" << endl;
	cin >> menu;
	if (menu == 1) {	
		for (int i = 0; i < value; i++) {
			for (int h = 0; h < value; h++) {
				if (arr[i][h] == 1) {
					cout << "+";
				}
				else if(arr[i][h] == 0){
					cout << " ";
				}
				else {
					cout << "ОШИБКА!";
				}
			}
			cout << endl;
		}
	}
	else if (menu == 2) {
		for (int i = 0; i < value1; i++) {
			for (int h = 0; h < value1; h++) {
				if (arr1[i][h] == 1) {
					cout << "+";
				}
				else if (arr1[i][h] == 0) {
					cout << " ";
				}
				else {
					cout << "ОШИБКА!";
				}
			}
			cout << endl;
		}

	}
	else if (menu == 3) {
		for (int i = 0; i < value2; i++) {
			for (int h = 0; h < value2; h++) {
				if (arr2[i][h] == 1) {
					cout << "+";
				}
				else if (arr2[i][h] == 0) {
					cout << " ";
				}
				else {
					cout << "ОШИБКА!";
				}
			}
			cout << endl;
		}
	}
	else {
		cout << "ОШИБКА!";
	}



	return 0;
}
